# Created by Octave 5.2.0, Mon Apr 27 19:02:37 2020 GMT <unknown@LAPTOP-B9V5GVU4>
# name: v
# type: matrix
# rows: 1
# columns: 20
 6.1101000000000001 5.5277000000000003 8.5185999999999993 7.0031999999999996 5.8597999999999999 8.3828999999999994 7.4763999999999999 8.5780999999999992 6.4862000000000002 5.0545999999999998 5.7107000000000001 14.164 5.734 8.4084000000000003 5.6406999999999998 5.3794000000000004 6.3654000000000002 5.1300999999999997 6.4295999999999998 7.0708000000000002


